1 (232)
10 (532)
12 (198)
13 (775)
14 (450)
15 (80)
16 (136)
17 (355)
18 (170)
19 (91)
20 (473)
21 (163)
24 (276)
25 (559)
27 (231)
28 (144)
29 (128)
3 (107)
30 (117)
31 (541)
32 (170)
33 (116)
34 (264)
35 (77)
36 (206)
37 (65)
39 (86)
41 (231)
45 (94)
47 (236)
48 (166)
51 (91)
52 (281)
58 (212)
59 (299)
61 (144)
62 (71)
65 (69)
66 (70)
68 (72)
69 (72)
73 (102)
79 (65)
8 (257)
81 (100)
87 (70)
9 (65)
1 13 (90)
1 25 (76)
10 13 (148)
10 14 (92)
10 17 (63)
10 20 (104)
10 25 (100)
10 31 (93)
10 59 (63)
10 8 (76)
13 14 (176)
13 17 (75)
13 20 (87)
13 21 (81)
13 24 (113)
13 25 (200)
13 31 (171)
13 34 (103)
13 36 (77)
13 41 (71)
13 47 (70)
13 52 (118)
13 59 (89)
13 8 (80)
14 20 (64)
14 24 (66)
14 25 (130)
14 31 (106)
14 34 (61)
14 52 (72)
17 20 (74)
20 25 (70)
20 31 (91)
20 59 (65)
24 25 (93)
24 31 (61)
25 31 (125)
25 34 (80)
25 36 (72)
25 41 (78)
25 52 (108)
25 8 (72)
31 34 (71)
31 52 (62)
41 52 (61)
