1 2 3 4 5 6 7
8 9 10
11
12 3
13 14 15 16 17
18
19 20
21 22 23
24 25 17
20
10 26
27
12 8 13 10 28
25 29 27
13 30
13
1 31 32 33 34 28 18
12 10
12 35 36 25 13 37 30
9 14 33 20 38
39 1 40 41 10 31 42
43 44
25 13 45 46 47 17
8 48 1 40 3 33 49
10
50 25 21 3 14 51
52 25 13 14 15 37 30
44
13 10 32 31 20
24 25 7 13
41 53 22 54
13 31 3 10
12 20 55
24 56 31
27
57 25 30 58
15 20
39 52 13
13 59 60
57 29 17
25
35 24 25 13 33 16 61
25
21 9 13 44
58
21 3 20 13 62 46 47
13 32 14 63
13 64
3 65
8 37 17
25 31 62 49 17
35 13 10
25 65
25 31
20 58 29
53 66
12 35 24 36 52 25 13
10 27
21 32 67 68 46 69 17
12 24 13 70 28 17
25
63
69
21 64 23 38 17
12 10
20
31 14
41 19 52 13 3 70 16
27
1 40
48 41 36 53 71
8 58 23
27
59
21 10
27
13 31 18
10 55
48 52 25 13 49
72
10 59 20
8 25 14 20 17
13 15 73 20
8 48 41 13 10 28
15
15 69
31 61
18
74 25
8 20 18 17
18
8 41 1 40 25 13 9
29 18
29
8 2 10 20 27 17
45 21 58 46
12 45 24 41 34 31 75
65 10 27
27
24 19 52 25 31 17
13 68 31
8 41 15 2 10 71 76
12 8 52 31 21 2 10
45 25 31 10
52 15 26 37 38
52 53 25 13 2 10
13 34 67 28
1 40 13 21 3 14 34
1 40 21 59 28 32 66
25 13 31 20 29 58 77
1 40 13 10
8 34 78 51
79 10 31 18
32 10 20 47
12 41 30 49 80
48 25 34 10 20 17
13 15
10 20
8 36 13 21 14 2 10
65
40
36 25 61
52 25 14
20
31 14
8 1 40 24 25 13 14
52 13 81 38
48 19 52 25 59 69
48
47
61
37 17
31
12 8 31 34 10 28 71
24 36 41 25 13 47 32
27
52
12 10 31 61 78
24 28 82
24 52 53 13 9 34 22
39 25 13 21 14 10 59
31 36 25 13 3 14 34
31 1 40 24 52 13 14
12 1 40 41 25 13 10
27
12 36 59
7 13 21 14 47 16 68
43
31 14
1 40 24 73
8 13 14 10 16 72
13 4 59 61 62
27
1 40 32 31 73
23
1 40 25 10 13 17
8
39 52 25 13 14 34 56
8 48 25 3 14 34 20
41 19 52 13 34
1 40 7 14 31
73 17
66
18
41 1 40 25 14
8 10
12 41 52 21 3 14 37
27
58
41 20 55 47 18
24 7 32 33 66
31 29
41 33 59 43 38
8 31 24 52 13 14 66
31 13 71 60 17
65
45 79 58
25 14 16 72 17
31 46
24 20 13
80
8 1 40 14 17 20 27
50 52
47 16 80
10 81 27
24 13
31
12 25 14 16 31
19 52 25 21 9 32 81
28 78
24 14 10 20 17
35 25 34 79 10 20 29
39 33 13
14 83 10 20 51
20 59
14
20
31
8 45 39
1 40 36 15 79 81 20
17
18
12 25 13 21 81 68 69
12 10
64 13
34
21 15 32 10 59 20 46
25 31 59
12 13 9
52 13 31 68 83 13
24 13 4 58
41 39 36
19 34 14 62 17
27
34 27 77
52 47 28 83 66
13 20
41
30
10 58
13 78
13
1 13 21 37
59 61
12 8 48 36 31 68 33
24 52 13 34 47
12 8 52 14 34 59 51
19 52 25 7 13 21 11
10 16 59 17 58
52 7 21 3 30 17
14
25 31
19 33
19 17
25 9 4 31
10 18
35 1 40 13 34 10 59
13 5 13 51
24 9 10 31
31
9 14
18
17
58 40
41 31 34 79 30 43 66
39 79 4 43 63 13 17
8 20 25 32 59 38 17
79 59 51
8 24 84 10
39
41 13 15 5
14 10 59 31 20 17
20
2
8 13 17
14 47
47 10 85 78
13
45 25 13 34
85 78 51
25 77
25 13 10 26
24 25
69
65
12 14
27
31
25 13 10 28 31 58
1 24 41 25 17
8 35 39 13 20 38 18
47 10 69 51
56 30 17 20 61 13
48 1 40 36 14 61 86
41 19 34 47 10
25 81
31 14 2 10 55 49
20 55
13
10
58
59
19 81 46 17
13 34 61
20 29
31 20
24 25 10
13
31 27
47
1 73 32 30
31 27 86
41 25 59 31 20 51
3 34 14 20
41 25 13 81 10 34 28
41 24 52 41 25 72 17 20
20
17 78
10 16 31
48 41 39 25 13 30 10
20 27 23 78 51 18
8 35 25 65 33
41 52 25 10 32
48 65 78 76
19 7 13 65 61 13 69
8 25 21 14 34 30 10
31 29 54
24 25 7 13 79 5 43
53 31
14 10
26
59
17
58 40
41 52
13 33 62
12 10 59 69
12 8 20 52 21 30 10
25 13 32
12 52 37 20 85
13 10 18
12 28 42
25 13
31 17
48 41 13 31 10 59 82
31
25 34 56 47
39 13 21 43 27
39 1 25
17
13 32 20 61
65
59 31
35 36 13 21 3 9 34
12 20
8 12 41 52 47 10 22
58
31 58 51
45 25 79 4 31 20
3 66
25 7 73 31
15 10 20
35 68 81
69
16 20 13 17
13 32 17
10 59 77
58
81 58
1 25 20
48 25 30 78
25 17
29 38
13 3 31
36 29 17
32 20 58
24 36 10 17 61 66
52 32 70 5 33 31 20
20 29
13 21
24 25 14 31 86
33 16
16 32 78
47
17 38 78 80
20
13
58
48 41 19 7 13 83 14
25 14
14 31 49
86
31 66
1 19 25 9 32 61 78
39 52 25 13 10
7 85
25 28
20
13 14 81 28 31 61 13
53 14
1 70 10 20
29
25
20
24 13 15 33 43 17
20 25
33 31 20 62
17 55 83
24 52 13 30 33 31 17
48 36 13 9
1 31 73
12
12 10
12 24 36 21 73 79 47
25
14 61 18
8 13 14 16 14 31 20
13
36 13 21 59 31
13
52 25
41 61
59
39 47
80
10 20 18
27
27
25 21 4 81 20 58 86
27
21 34 10 68 71
31 61 18
25 13 14 47 31 20
13
41 24 53 13 21 14 34
8 10
20
61 60
36 13 31 66
30 58 23 55 51 18
15
39 52 25 47 81 34 28
52 25 13 14 61 29
27
30 58
27
18
10
39 73 13
36 13 21 82
27
50 52 30 47 29
52 7 31 34 10
1 30 10 27 13
54 72
12 13 10 28 31 58
13 77
48 24 13 21 14 79
31 59
8 85 49
69
34 59 69
52 16
10 20
25 58 77
13 68 16 59 20
12 8 24 52 13 14 10
17 60
35 10 29
27
27
27
36 13 81
48 36 25 13 21 33 32
38
41 39 1 13 68 38
8 45 25 13 14 10 20
20
24 21 14 10 16 31 58
25
41 1 21 10 34 28 69
45 48 41 1 52 25 13
45 39 52 7 13 31 18
31 20 77 60 18
10
59 27
48 13 59 31 73
36 2 59 29 18
41 1 24 14 73 30 10
41 1 19 16 32 17 86
10 71
1 24 53 13 31 21 34
45 41 53 13 5 10 67
15 59 31
41 1 25 10
35 13 33 28
39 13 34 67 87 26 81
41 1 13 47 10 59 81
52 13 38
1 24 50 25 30 37 61
14 31
24 52 25 34 16 81 60
12 52 18
41 25 13 16 59 13 17
17
27
10 27
25 10 45 31 20 29 62
39 25 14 10 31
12 8 47 20 55 17
58
24 47 10 59
20
12 52 41 25 33 27
31 39 53 34 87 20 27
17 20
13
28
24 25
45 25
32 31 27
18
10 59 18
1 25 13 21 14 87 61
13 10 38
12 1 9 73 10 25 17
35 25 31 34 32 20
12 1 58 13
8 41 21 14 47 17
47
13 47 10 20
10 58 18
13 79 83
8 52 25 10 20
21 9 14 15
31
41
12 39 13 10 87
8 45 24 36 59 32 17
48 13 34 15
14 59 17
13 2 28 14 38 49 17
12 35 13 14 10 59 87
41 13 16 59 18
36 25 9 32 10
8 13 10 17 47
59 17
31 41 59
52 25 13 2 30 14 5
13 4 10
38
10 81
76
14 64 45 86 74
24 21 2 10 20
24
21 73 42
41 19 41 10
13 16 43 28 31 51 18
48 73 31 20 27
25 21 14 11 28 74 78
10 20 61 27 29 60 17
12 36 13 10 81
14 78 18 17
13 21 2 14 17
31 66
12 41 31
10 20 17
13 59 31 78
10
31 41 25 13 16 29 77
24 41 13 31 49
8 12 25 14 16 34 78
8 25 13 21 79 20 66
73 5 61 18
10 18
27
14 69
34 69
10 27
10
15 10
10
10 17
58
1 21 14 2 10 34 31
31 20
59
47 10 59 17 87
41 36 52 10 28
70 10 31 18
24 70 10 20
7 27 87
13 14 58 29 13 51
45 41 25 13 31 47 10
41 13 58 23 38 49
12 50 25 9 73
41 10 58
41
8 58 23
31 41 53 78
27
8 52 25 13 58 85
24 13 21 14 34
12 10 20 74 18 87
8 24 67
41 24 52 14
24 59 22 82
14
12 10 68
58
50 20
15 10
21 58 72
65 32 87
8 10 20 27 17
25
3 15 31
27
17
19 25 13 34
48 24 10 67 58 18
48 41 13 47 31 58 78
31 25 7 84 30 61
87 34
10 20 69
13
48 52 13 34
10 18
50 25 68 26 49
12 1 34 32 10 31 85
57 52 7 14 56 30 65
41 25 22
24 13 10
25 32 75 47 83
35 12 41 25 13 72
25 13 28 58
21
8 41 25
27 23 55
35 31 1 19 41 13 21
7 13 3 14 73 28 31
45 10 20 69
13 3
27
31 73 10 17 60 76
10 77 18
81 31
52 25 20 17
59
12 39 13 47 10 16 28
31 50 13 34 83
5 67
1 24 50 14 10 28 31
52 13 14 10
58
12 27
52 13 31 17
19 25 34 73 31 20 78
39
24 13 10 67 28 61 60
12 48 15 4 62
12 8 14 28 69
20 18
65
41 13 30 16 59 17
13 59 31 18 80
48 13 31 21 14 34 22
13 55
58
48 50 73 16 28
52 72
27
52 3 14 32 43
24 21 10 18
41 52 25 13 31 37 79
1 50 13 10 59 34 28
45 41 24 36 25 34 37
32 70 10
1 53 13 31 58 72
69
45 25 13 15 10 28 47
1 24 36
12 41 24 52 7 13 30
1 13
12 52 25 21 58 59
1 41 13 21 14 10 43
8 47
18
13 14
14
31
19 13 34 47
7 13 10 59
12 20
1 25 7 13 31 34 22
13 14 30 17 27 51
25 34
41 25
25 13 21 30 47 32 72 17
24 19 52 13 31 14 34
17
8 48 25 14 10 67 31
45 52 34 15 32 62 49
19 13 34 28 61 17
4 29
34
41 52 58 47 17
41 24 52 53 25 13 14
7 37
32
12 8 41 52 7 13 3
19 30 81 72 17
31 20 55 51
8 31 1 19 52 21 15
13 73 47 20 61 49 18
65 10
12 1 24 10
8 10 59
8 35 1 24 19 7 13
41 52 13 32
61
32 78
19 34
14 15 17
48 41
58 17
21 9 14 2 17
41 26 27
48 19 34 15 22 34 20
33
50 13 68 10 33 61
87 87
52 41 14 10 17 31 49
31 39 73 20 27 18
31 25 64
27
25 13 4 10 16 51
31 48 13 30 16 87 58
25 29
24 13
13 46 18
41 39 19 59 78
8 50 10 20 13
13 10 47
10 20
1 24 36 25
13 2 47 31 20 17
59 20 58
24 25 13 14 37 79 70
2 59 18
20
13
13 21 32 22 17 31 29
52 34
20 27 17
21 81 28 31 27 29 85
31 20 61 58 51
7 72
24 52 30 65 31 54
35 41 50 14 34 47 33
48 1 73 16 20 58 27
15 10 20 29 46
8 10 20
8 1 13 14 10 31 20
52 13 31 14 32 14 17
13 32
12 52 25 14 10 59
20 17
20 58
12 44
19 13 34 37 38 18
27
12 48 33 31 20
12 39 13 31 21 22 43
12 10
18
14 18
24 18
41 50 19 13 14 10 18
59 72
86 85
1 51 17
41 53 58
13 59 38 87
80
39
25 13 33 55
13 10 17
48 24 50 79 20 51 17
24 50 19 25 13 31 3
31 48 1 25 34 33 55
25 55
8 31 77
13 34 31
10 17
78
65 18
21 34 47 22 29 18
13 4 18
41 13 3 47 10 33 17
57 8 2 33 61
64 63 60
24 52 25 47 33 16 31
25 13 14
47
65
24 34 14
12 1 13 14 2 56 59
31 43 81 38 87
25 9 14 13
24 59 27 47
73 64 20 59 17
41
21 14 70 32 31
1 25 13 3 14 30 61
14 16 58 29
58 40 77
50
48 25 20
8 1 19 25 13 14 34
12 31 48 24 52 25 14
12 41 31 68 10 17 58
36 52 3 14 47 17
12 13 17 38
13 18
47 78 80
7 3 83 34 20 62 47
1 25 13 21 14 34 32
32 28 75
8 21 4 47 46 85 38
1 41
25 34 81
65
48 41 65 10 18
48 24 25 14 67 22 28
41 47 20 78
24 36 50 52 53 14 31
34 32 31 27 17
19 52 25 31 79 47 10
10 60
65 60
17 61 49
13 31 43 29
13
1 19 9 14
41 50 52 41 25 42 37
48 1 50 52 13 72
13 43
47
13 33
8 52 47 85
50 68 20 62
16
52 25 32 43 34 28 13
73 31
41
41 31 29 59 17
48 13 10 58
27 59 66 17
14 28
14 34 22 28 32 31 14
36 21 3 14 59 69 18
45 31 52 13 34
17 29 58
31
58 40
8 13 34 43 81 61
17
48 53 25 14 47 69 49
12 25 56 55
65
52 25 70 28 27
8 24 50 25 68 4 47
52
31
24 13 33 16 29 58
50 14 73 37 10 61 66
13 59
12 13 14 47 16 28 61
3 31 20
17
31 10 64
48 65 20 46
13 10 81 68 58
16
14 27 77
20 29
13 30
34
12 36 52 21 14 73 33
50 25 13 31 5 18
8 50 31 21 14 34 15
1 33 40 69 17
35 31 14 79 65 47 29
55
41
41 24 36 50 52 68 10
25 13 14 56 14 58 60
12 8 35 25 47 10 59
81
8 25 13 2 33 31 37
31 20 61 60 55 66
56
31 20
31 20 55
12 24 3 59 22 28 32
34 15 23
12 1
31 25 29 59
1 13 31 3 73 87 17
65 17 62
59
12 53 14 73 83 30 28
48
73 87 62 47
73 47 16 17 20 27 23
1 31 73 28 58
8 39 24 41 25 31 14
12 52 25 47 10 59 87
1 14 73 32 85 76 17
35 13 68 33 67 31 20
31 27
44 66
24 36 25 32 20 58
12 8 73 4 5 47 10
39 1 7 10 87 59
20 66
8 52 10 31 29 87
77
73 72 17
16
67
13 20 29 17
14 85 17
1 25 31 20 58 27 62
45 25 7 32 28 31 13
10
52 34 64 61 13
24 25 13 21 34 58
16 34 32 20 58
17
50 16 58 29
35 24 32 68 33 66
52
65 29 27 51 17
24 25 31 58 51
57 25 20 61
3
86
25 14 34 42
29
25
29
3 14 73 20 27
12 24 32 10 61 86 18
8 1 36 14 15 2 32
8 14 59 28 20 58 87
36 25 31 14 34 16 59
35 39 41 25 68 30 47
14 18
1 50 21 31 62
25 32
48 4 14 17
35 50 70 65 81 33 34
59
1 31 77 80
80
3 33
1 24 36 60
20
55
52 2 20 58
48 25
12 13 73 61
24 25 20 66 17
8 45 25 16 81 31 27
48 24 25 3 14 81 22
8 1 36 83 16 17
50 47
50 59 13 17
25 14 68 67 31 86
72
31 72
73 20 85 51
31 20 55 59 66
10 81 27
59
41 25 9 14 34 32 33
24 43 31
41 52 25 31 14 10 22
10 29
19 52 34 81 58
8 39 13 10 34 37 38
31 48 41 13 21 34
8 1 13 32 68 30 10
17
27
20 27
14 73 10
10 77 18
10 17
13 16
1 24 50 13 16 59
16 47
24 25 34 73 30 34 28
17
35 10 58 55
25 21 14 37 31
8 13 21 9 34
48 13 28 20 27 18
1 14 34 20
24 13 47 59 78
25 14 32
48 13 32 20 60 47
52 13 14 10 72
1 46 17
61
41 24 13 65 14
12 36 25 14 70 10 33
41 39 25 10 16 31 20
17
48 52 25 32 31 14 13
84 31 29 58
31 58 77 18
8 45 31 47 14
58 72
31 48 50 25 47 10 59
57 25 13 34 28 14 20
52 13 14 81
47 85 17
47 69 85 17
31 20
54
25 10 31 61 27 17
13
8 45 48 13 31 34 30
8 83 10 27 17
24 2 47 68
12 41 24 36 31 14 63
81 72
12 8 7 20
12 25 68
31 24 36 52 53 25 3
24 36 25 13 51 49 87
58
1 50 10 59 17 20
31 19 83 30 13 18
48
10
31
8 24 13 14 68 59 28
81 31 20
24 3 6 61
58
58
10 16
1 24 13 17
14 38
20 38
27
8 25 13
48 52 13 21 34 10 33
26
12 8 24 13 14 59 32
34 42 18
31 39 25 10 17
41 47 10 22 66
3 73 31 20 27 55 38
48 1 25 47 28 27
21 34 22 31 18
31 77
34
34 15 61 47
47
13 30 59
48 41 13 21 10 59
10 62
1 25 13 14 79 56 10
1 14 16 43
20 47 59 18 17
32 10
20
14
8 45 31 52 25 13 64
41 19 25 33 17
35 13 79 4 10 43 87
53 25 13 31 33 28 29
50 52
24 36 13 55 47
12 45 24 19 25 13 34
41 25 10 64 47 69 17
1 25 37 10 59 27 18
39 59 20 27 38 38 78
8 48
52 25 14
34 85 18
27
18
36 52 25 13 55 86
17
77 59
41 87 81 69
12 19 25 13 37 47 10
45 41 24 36 19 25 13
13 81 20 58 78 87
3 49
39 31 6
55 51 49
31 61 58
15 59 60 83
13 14 4 32 17 31 61
1 36 50 25 3 9 14
24 13 79 10 14 31 85
14 20
13 15 59 20
20 61
8 14 13
52 13 31 14 34 37 32
19 25 9 14 20 18
25
8 36 52 58
15 31 29
31 52 81 87 17
13 14 47
8 79 10 31 63
13 16
52 41 13 31 49
1 81
65 13 62
52 61 60 72
35 24 50 41 25 14 34
17
1 4 27 77 13
72
25 47
13 33 59
68 34 68 47
31 25 13 47 59 27
31 14 63
35 3 4 5 33 6 20
13 9 20 55 17
1 29 40 54
27
12 7 16 28 62
31 24 66 17
12 58
58
25 32 17 49
81
31 13
27
14 47
4 81 20
31 62 47
14 59 67 20 17
1 13 37 27
45 14
52 31 30 13
12 8 13 31 3 59 61
14 32 72 17
52 25 33 86
14 10 59 20
34
1 36 50 19 37 10 34
41 52 13 9 14 15 32
3 29
21 45 17
31
8 47 17 20
53
63 20 61 58
7 13 59 31 20 29 55
12 48 69
57 41 24 70 10 62 47
34
21
53 72
13 32
8 62
20
13 31 20 27
32
32 49
25 29 60 47 66 17
34
14
48 41 25 14 17
13 20
27
45 39 71 17
20
58
13 14
31 13
36
48 73 10 28
34
13 17
36 52 13 10 59 17 47
52 17 38
35 13 21 3
65 20 58 83
8 13 16 20
38
34 25 54
24 36 50 65 81 10 59
80
73 17
45 58 17
20 24 36 50 13 21 34
41 52 25 20 58 78
48 16 31 61
9 17
16 59 17
53 21 81 87 27 18
18
59 32 58 60 17
15 20 47
73
32 43 45 6 17 20 47
10 40 77
10
10 31
8 13 16 59
79 10 20 17
27
27
1 24 19 14 32 16 45
14
14 15 10 61 72
13
24 30
1 25 13 31 30 10 16
10
34 13
1 13 9 34
9
25 13 87 31 58
27
20 61
24 13
17 20 58 23
35 25 13 30
34
1 24 13 10 31 60 18
3 61 18
13 10
27
10 20
45 25 10 61 54
8 10
25 34 28 49
24 25 62 51
1 17
24 52 13 14 34 47 10
71
8 84 10 17
41 25 28 87
27 13 17
27
10 20 62 17
13 15 31 18
52 16 72
14
41 17
39 1 24 10 43 17
51 49
31 25 13 21 73 10 18
45 13 81 28 20 38
10
31 14 10 45 20
10
25 10
12 13
18
41 31 81 34 51 18
13 21 65 26 81 18
14 30 6 31 18
34 87
30 16
1 13 47 63 29 38
41 14 34
8 9 10 20
25 31 59 51 49
12 16 32
47 10 29
10 81 20
58
62
84 17 51
27
45 41 25 55 49
13 30 61 60
20 41 36 7 13 59 28
12 52 10 87 32 68 14
31 13 10 22 64 87 32
12 35 1 25
36 14 2
52 25 13 10 31 49 18
36 25
48 39 25 13 34 4 31
25 34 84 64
59 60 17
8 36 34 38 42
68 77 18
51
45 13 34 34 37 60 51
59
8 52 25 13 3 20 62
36 52 13 65 58 38
30
1 24 17
25 14 34 20 58 13
12 5 29 55 17
8
41 25 14 15 10 22 28
39 25 34 59 51
14 28 32 31 58 77 60
15
13
10
24 31 55
13 14 34 37 66
20
12 14 15 16 59 66
8 42 32 27
51
14
53 34 63
8 73
14 47
48 25
21 68 27
12 8 19 13 14 16 59
12 4 67 17
21 68 10 59 37 61
20 8 59 61 87
48 81 14
69
65
69
14 17
30 17
10 27 17
59 20
48 41 1 52 25 13 10
21 31 80
41 1 52 31 14 34 4
14 31 86
31 25 13 21 65 10 32
38
36 6 17 51 49
17 47
24 19 14 20 77
31 73 38
48 41 25 58
51 49
25 10 81
14 73 47 10
12 48 36
59
8 33 58
34
24 36 20 58 44
1 25 13
51
13 10
17
24 18
27
58
27 73
82
10 28 18
59
13 3
50 52 25 81 43 34 28
13
14 10
52 25 13 14 10 55 87
59
27
8
24 25 14 70 20
12 1 24 13 31 34 33
10
12 36 25 13
8 25 18 17
13 10
13 27
13 30
35 36 53 25 31 10 33
13 14 33 18
41 1 36 14 10 22 28
47 10 20
20 62
13 14 15 68 31 18
35 36 13 10 33 18
21 14 83 16 28 32 67
31
9 17
48 25
48 41 17
12 25 13 34 72 17 69
32 20
24 19 52 25 14 10 17
10
1 25 13 28 58 18
12 8 52 14 83 10 16
34
12 36 10 31
8 1 40 24 13 31 69
8 10 20 69
2 10 28 20 17
66
24 19 37 81 20
36 13 9 32 47 10 16
1 24 50 3 32 10 31
39 36 25 31 32 83 47
25 13 21 70 11 10 16
35 41 25 18
35 10
31 58 40 33
51
41 52 28 31 20
12 39
45 1 25 27
13 21 83 59 22 81 62
8 25 10 20
8 25
10 20
52 33 32 40
8 52 13 31 29
8 52 25 13 21 14 79
45 48 41 47 33 22 64
8 13 14 59 31 20 58
1 40
47 66
17
8 24 36 25 13 21 3
41 1 24 36 3 32 10
19 25 9 14 2 10 20
4 34 31 58 87
41 53 13
8 45 52 25 13 9 14
10
12 10 61
8 48 13 14 10 16 51
36 13 34 31
50 13 31 87 80
83
17
20 29
58 40 77
31 74
61
45 69
36 31 21 47
25 47
12 33 59 63 20 17
60
24 13 2 83 10 68
13 33 13
27
27
25 34 59 77
20
10 20 69 66 18
10
3 5
27
31 47 43 61 18
13 31 14 30 47 32
27
17
20 60
41 25 47 59
70 59
1 24 25 72
27
10 20
36 81 72
36
47
8 13 10 27
36 13
25 10
3 2 79 33 16
12
1 25 31 66
1 73 51
36 21 20 58 38 78
24 52 13 21 14 30 47
12 25 13 14 84 32 10
27
48 1 20 27 47 78
10 18
27
1 24 36 25
50 13 29 49 18
24
14 78 17
24 59 20
15 59
8 36 13 87
13
8 56 29 58
48 33 59 17
13 10 18
8 13 3 71 58
59 20
20
24 50 13 81 31 61
13 31 51
27
36 13
14 59 85
34 31
57 24 31 44 17
8 83 29 66
25 32 10
18
29
8 45 36 25 14 10 16
29
14 73 20 77 62
41 14 10 28
25
80
24
8 45 24 20 78
12 1 10 22 60
24 36 52 13 14 10 6
1 73 68 31 78
48 31 58
20 76
13
31 10 18
30 32 17
24 14 68 10 31 20 29
52 13 47
39
24 51
13
13 3 10 59 18
39 1 31 30 43 6 17
12 8 21 34 30 45 60
20 27
34 43 44
1 52 25 64 31 55
36 17
52 9 30 59 85 78 51
36 52 68 61 72
41 25 13 87 58 72
24 50 34 31 75 61
25 16 20 27 17
1 10 31 77 18
27 17
52 25 13 21 32 47 29
24 36 13 21 14 4
9
52
48 13 28
36 14 65 20
27 18
24 13 31 16
48 36 25 13 14 14 22
36 51
10
45 8 13 31 73 30 37
20
52
52 77
8 31 59 27 17
31 29
31 73 77 85
41 1 36 52 25 34 28
35 48 9 6 17
10 61
24 10
8 24 13 21 9 34 10
24 13 32 30 10 47 66
20
13 59 33
36
13
52 25 34 27 40 17
10 45
31 34 47 10
24 2 10 51 72
8 31 41 52 25 21 14
20
10 31 20
24 36 52 25 3 34 2
24 52 25 7 87
73 59 17 77 72
52 25 47 32 72 17 31 20
36 3 10 59 69
13 16 18
3 68
25 4 43 81 17
48 39 14 32 70 30 43
12 47
13 14 2 83 10 43 59
12 48 1 36 25 34 73
34 20
21
25 13 81 10 43 72 17 20
35 31 20
13 21 10 59 43 28
13 31 34 84 37 79 68
20
28
36
25 7 5 10 20
13 28 72
48 24 13 10 28
21 14 30
27
51
55
65
31
20 48 1 24 52 25 13
1 24 52 53 25 13 14
31 1 14 34 70 28 38
1 13 2 10 59 81 17
31 23 69
36 19 52 25 13 34
13 21 14 30 28 67 14
39 13 21 3
12 39 52 25 13 14 79
35 41 24 36 25 13 3
1 36 25 31
8 25 3 47 59 51
14
31
15 10 60 17
41 31 20 27 55 86 51
58
31 59 67 29 38
52 31 72
8 35 45 48 24 36 50
35 13 70 10 62 18
20 27
31 24 13 59 20 60 62
8 36 13 10 22 34 20
25 20
13 58
52
31 25 13
24 36 13 21 14 30 4
48 52 16 20 58
24 36 52 13 14 15 47
31 51
25 21 59 26 13 46 55
34 25
13 34
52 25 13 31 58
8 19 13 14 47
30
41 13 31 10 14 58
52 13 14
10 16 31
27 59
6 17 47 85
41 72
30 4
31 59
47
65 32 51 49
65 81 26 17 87
31 34 16 59 31 61 60
8
35 24 56 60 78 18
1 36 25 13 31 32 47
77
31 28
13 31 61
79 18
78
87 20 17
59 20
41 10
65 20 61
53
1 36 21 63 17
33 20 58
36 52 32 17 58
29 46
65 20 58 13
72
41 24 30 37 31 20
27
14 47 59
34
17
19 25 14
13 72
52 47
48 36 25 13 14 67 37
8 48 1 19 34 20 61
31 33
65 31
19 52 13 3 14 34 32
58 17
48 19 13 3 34 61 66
65 20 59
21 14 62
8 3 20
10 87 58
25 47 20
25 59
52 31 20 17
25 13 31 14 32 87 81
59 13
25 16 20
25 30 59 69
1 24 13 47 59 31 13
33
1 19 41 25 84 37 34
13
47 72
1 25 4 43 27 13
25 14 61 17
52 4 33 78
8 31 36 19 25 3 14
36 87 31 17
24 19 14 47 16 20 66
48 25 34
13 14 32 34 37 14 29
68 20 61
1 33 67 61 58 13 44
13 28 31
52 21 3 34 59 31 73 17
1 24 25
73
20
24 58
17
58
41 50 61
36 32
52 41 25 14 4 87 31
31 41 1 13 32 47 10
31
22
36 47
13 59 61 27 59
12 13 31 59 66
27
13 32 34 31 61 72
27
9 59
28
13
27 40
13
52 41 34 73 5 28
8 1 25 3 14 34 79
16
25 3 62
35 25 13 30
47 14 31
8 36 41 71 14 58 18
52 14 61
25 14
1 13 69 85 54
48 81 20
25 13 14 71
31 48 41 19 2 45 17
36 28
19 55 85 18
13 69
31 27 17
48 41 59 87 31
13 20
48 24 19 13 14 33 34
14 47
57 1 14 59 20 62 17
16 28 60 87
19 3 34 31 20 61 29
35 13 47 59 34 31 55
59 27 17
8 59
13 14 70 67 31 20 46
58
13 16
8 52 33 81 67 20 51
20 47 83
35 13 3 68 31 20 61
58 27
8 31 25 13 14 32 16
8 52 25 3 14 34 2
8 10 29
48
52 14 15 47 33 14
1 13 31 17
25
13 20
14 65 33 6 17
73 83 10 37 20 78 17
1 24 36 25 10 29 61
1 36 13 31
13 9 34 65 16 59 66
27
10 32 6 55 18
8 10 20
14 58
25 13 31 17 87
10 20
24 25 13 30 59 46
9 79
59 20
70 61
10 6 81 55 18
12 41 66 38
12 36 18
84 59 17 20 77 13 60
10 27
12 13 16 46 69 17
10 58
10 33 85 17
25 13 20 47
17
36 25 13 14 15 81 10
1 36
22 31 47 59
12 10
20
20
52
48 13 10 31 59 76 18
30 10 59
24 25 13 4
1 13 34 10 59
12 41 25 10
25 13 10 87 28 20 62
6 14 33
12 8 25 47 67 81 20
48 41 25 79 32 10 16
8 35 57 4 13 60 62
36 20
58 27
15
20 13 14
12 41 37 33 59 64 47
19 41 34 16 43 40 49
21 20
8 13 58
41 13 21 14 79 47 31
20
20 58
31 1 14 73 37 10 28
32
31 61
47
32 33 6 14 17 69
13 20 27 23 18
13 47 10 16 59 17
61
41 70
24 25 14 83 68 18
24 50 25 58 44
59
39 67 26
12
24 25 13 21 5 10 28
31
10 29
24 25
48 41 52 13 43 28 45
13
39 10
12 81
8 41 1 6 17
25 58
35 41 25 16 28
58
36 20 46 59
43 87 20 61 86 51
36 21 5 6
48 3 20 17
12 8 25 79 10
10 82
8 45 25 21 2 47 10
24 32 47
31 39 25
13 14
35
20
31 39 25
27
36 59
24 36 13 32 5 10 31
47 10
45 48 24 13 21 10 14
1 86
8 1 36 52 53 25 21
10 75
10 18
45 24 15 6 17
52 53 30 31 17
24 68 31
1 24 36 19 31 20 77
13 15 4 5
28 51
39 13 65 47 33 59 28
3 10 31 69
41 34 51
25 15 47 16 59 20 18
24 25 13 68 31
31 41 1 24 36 52 25
16 61 18 17
8 39 13 59 17
39 13 21 10 26 78 51
48 52 41 25 14 47
8 1 24 36 22 31
20
6 20 62
59 72 17
25 13 59 22 28 81 60
52 13 14 45 31 20 58
34 59 81 20 62 85 51
13 79 17
13 34 56 47 63 20 55
25 34
48 52 2 30 81 68 31
36 41 13
58
25
13 21 14 34 31 20 17
59 20
8 16 45 81
8 20 56 20
13
3
48 39 53 14 79 16 6
12 8 24 13 14 29 55
31
25 33 28 27 82
20 10 20
12 8 79 20 17
13 21 9 15 60 62 42
12 31 16 34
52 31 58
20
31 14 34
14 31 29 17
55
19 52 13 34 17
25
14 10
24 25 13 61 60 17
13
21 27 62 66
13 31 79 29
31
20 47 59
8 35 1 25 31 79 11
34 61
39 13 34
41 14 30
48 14
36 14 2 30 47 37 25
48 41 52 21 2 20 27
1 36
14 59
12 25 14 15 79 10 81
12 35 36 47
16
52 53 25 14 13 62 17
85 51
14 17
8 36 25 14 68 61 17
31 73 59
16 59 43
1 24 13 9 15 20 17
32 65 33 59
15 37 10 32 29 66
21 34 66 87 17
65 83
79 20
38 78
31 20 58 42
20 69
36 25 34 34
13 9 14
62
8 25 3 31
15 10
65 5 13
31 2 29 61
15 62
12 24 3 10 16 85 87
38
8 1 36 13 21 47 28
31 25 13 32 78
14 58 23 55
13 14 34 31 58 13 59
14 31
34
13 14 79 10 31
13 33
1 22 43 28 32 31 20
48 25 13 81 17 69 66
15
73 78 54 18
41 13 30 6 66 85 42
25
13 14 10 31
12 1 24 25 13 87
14 10 59 20
27
27
25 14 34 18
12 8 25 16 22 31 66
27
48 53 25 68 46
47 69
1 24 61
70 10 16 20
13 15 31 46 18
13 59
13 59
78
41 1 52 13 10 59 17
45 41 52 31 22 61 29
41 25 13 10
36 13 14
25 10
39 14 10 31 73 85 49
10 59
72 17
27
48 10 20
48 15 22 28 58
24 19 52 13 14 32 10
13 14 31 51
15 68
36 10 32 31 73 18
36 52 25 13 14
12 8 45 36 14 10 31
8 36 31
60
31
41 52 25 34
47 85 78
34 28 31 77 62
45 24 36 25 31 59
68 10 20
8 48 70 30 59
1 21
30
8 10 17
59 87
48 39
19 25 13 34
13 14 34 32
35 10
7 68 30 31 61 66
7
10 27
13 9 47
13
8 48 19 25 13 10 16
33 22 34 32 17 31 13
10 31
31
25 20 58 17
12 10 51
12 10 64 27 18
12 31 10 67 29 17
10 59 20
8 17 31
16 31 58
73 28 31 20
36 14
13 17
68
39 52 25 13 10 68 28
41 52 53 21 10 58
13 16 58
39 1 25 13 21 14 29
43 61
24 31 16
13 31
8
10 20 69
2 10 27
10 61 60 18
8
59 61
10 20
48 41 13 84 47 61 86
25 73 10 59 31 20
47 20
35 41 1 24 32 31 18
20 27
59
48
25
41 13 31 14
24 10 31
36 13 21 34 64
8 39 24 32 61
10
39 52 25 81
1 24 36 59 17 47
13 14 81 16 51
52 25
55
68
8 48 20
4 14 47
8 1 25 14 79 59 31
70 10
8 10 20
53 13
24 25
12 45 39 1 13 32 47
47 28 31
8 25
1 24 25 13 14 56
36 52 9 30 10 29 61
41 14 22 32 31 61 77
12 47 10
17
58
12 52 41 84 83 30 26
13 70
20 78 51
41 53 25 13 3 14 34
31 47
8
65
24 14 31 20 58 29 78
13 30
14 59 27 77
53 29 17
13 75 58 51 54
45 21 33
12 36 25 13 31 14 61
1 13 14 38 78
27 66
31 20 27 23 18
14 62
41 14 70 28 13
34 66
36 52 13 34 68 33 22
12 13 10 59 20 59
20
36 14 31 27 55 51
1 24 34 10 66 18
13
8 34 33 31
20
52 40 17
25 32 33 45 17 31 20
31 34 54
8 36 79 10 20
31
13 16 47 76 18
25 13 34 56 33 14 31
13 14 59 20 29 17
33
48
34 2 5 78 51
14 14 65
9 75 61 58 77 17
14 34 79 67
25 13 17
59
14 10 29
1 13 31 14 68 45 49
84 17
52 59
25 34
1 10
12 80
8
25
53
35 36 25 32 59 58
52 14 15 22
20
8 41 39 14 37 32 47
12 36 30 61
31
45 1 13 70
32 27
31 1 24 52 25 13
73 47 32 61 18
41 14 10 14 51 49 18
35 47 16 31 83 85 51
10 68 83 49
1 14 59 64 28 14 69
1 24 13 14 10 59 67
14 17
79 33 66
12 25 13 14 32 10 59
58
14 70 10 20 27 17
12 8 31 25 4 64 32
10 20 18 33
13 15 31 20 46 18
45 41 41 29 49
21 51
15 33 59 18 17
12 13 73 79 83 10 16
8 48 41 52 31 14 70
8 36 13 10 20 55 17
45 25
8 24 36 10 59 28
13 10 59
27
12 1 24 36 25 13 21
60
48 31 79 32
58
48 24 52 41 25 17
31 29 18
13 47 16 80
21 3 20 61 66 78 17
24 36 73 10 59 64
36 25 13 14 16 59
13 18
1 25 14 70 10 20 47
27
36 52 84 10 37 17 27
80
52 25 30
12 24 52 13 31 21 14
14 29 77
73 65 47 34 20 54
13 34
45 52 13 18
48
17
37 79 31 20 23 62 47
8 25 14 83 10 31 20
57 29
13 4 10 28
21 14
17 61
24 53 13 14 34 20
20
13 21 16
58
34
39 24
14 10 45 20
48 1
8 20 23 17
27
41 1 13
14 73 10 87
60
25 31 14 10 59 28
59
8 1 13 14 15 43 62
27 33
8 1 25 79 32 5 17
27
57 20 59
25 13 14 56 31 29 61
48 25 10
41 52 25 13 47 78
69
27
58
35 1 52 34 27 51
24 13
31 32 80
48 39 36 53 25 13 31
14
8 35 36 13 9 14 79
79 33 16
60
31
12 41 1 13 10 67 17
59 68 58
17
24 10 59
4 10 58
13
48 32 18
39 36 13 79 47
25 59 66 51
47 10
39 79 30 20
19 52 13 21 14 47 10
59 20
8 14 10 20
30
3 10 32 31
36 13 47
20 41 41 59 51 17
52 13 10 59
52 14 59
25 10 20
31 36 13 59 17
10
9 81
9 37 10
41 25 56
35 39 25 13 21 83 47
17
31 25 13 14 30 17 58
13 21 3 17
12 39 24 52 47 26 38
1 36 13 21 34 31 58
24 13 14 44 69
13
27
27
1 10 59 20 72 17
31 41 25 13 14 16 20
27
32 31 29
48 24 13 21 4 47 28
10 20 62 55
13 30 10 59 86 18
10 16 61 18
83 10
10
48 30 59 29
1 25 13 22
15
51
27
20 55 18 80
58 23 49
8 48 41 39 50 52 25
8 58 85
10 27
24 50 73 37 45 17 13
12 48 52 13 14 14 20
8 1 19 25 79 10 31
13 10
52 53 13 9 32 62 51
8 10
24 66
39 61 27 29
45 13 14 20 86
20
12 33 28 17
25
13 61
59 18
27 13
27
84 17 33
35 1 24 13 14 34 20
32
48 52 41 25 28 32 71
59 20
45 57 33 60 17
20 61 69
14 32 10 47
34 47 28
8 25 14 31 20 27 17
27
52 25 80
59 20
10 17 77 55
10
12 8 36 25 10 6 47
8 14 10 59 63 20
40
14 10
12 10 16 17
35 48 25 13 30 10 82
47
58 18
31 1 24 25 13 34 10
56 78 18 17
12 8 1 52 25 13 14
36 58
27
48 25 20
27
10 59
42 86
8 12 41 1 53 22 28
10 20
13 59 20
41 24 52 13
35 13 47 75 31 58
3 15 65 20
10 31 58
8 20 29 61 27 13 17
1 20 29 27 47 59 66
13 30
13 21 28
8 14 42
52 13 34 68 61 62 49
8 10
3 14 10 45 31 20 47
27
1 52 25 34 68 10 18
39 52 30 10 16 28 20
1 24 36 50 19 52 25
25
27
10
35 25 84 47 13
15 62
13 16 59
27
12 8 13 28 31 73 47
13 5 28
1
12 48 53 25 31 10
12 8 25 13 31 21 3
14 15 58 49
34 84 47 22 34 32
66
12 10
31 41 36 19 25 13 34
8 10
16
36 25 13 34 17
31 60
31 73 30 65 37 58 18
8 24 25 31 2 47 10
48 14 15 30 4 10 87
35 10 20 17
1 52 47 28 49
10 59 43 20 61 59
24 13 34 62 18
25 13 34 84 10 17
25 33 18
80
48 24 52 34 73 30 81
59 32 68 55 17
12
10 20
19 87
80 17
80
62
8 2 32 66 17
39 25 28 32 31 6 61
27
25 56
31 13 30 16 32 63
65 55 33
1 36 25 13 31 14 64
4 59 43
35 45 31 24 19 37 56
39 79 43 31
20 29 86 55 59 17
12 52
27
4 20 17
13
29
27
52
8 41
27 86
24 41 70 17 27 23 77
59 20
8 35 3
27
20
27 18
14 62
8 45 48 52 25 2 28
31 20
20 47
10
48
4
20
59 20
17
16 31
14
58
36 13 10 37 62
39 25 30 4 14 61
60 72
35 34 15 47 61
31 51 33
13 85 17
3
80
10 16
16 31 20 61 58 18 80
41 52 25 28 13 62 59
3 37 10
29
32
8 10 20 47
13 81 18
8 57 15 47 59 13
27
1 24 4 5 10 29
8 58 40 77
13 18
36 13 59 62 46 69 17
12 58
1 13
29
12 41 16 28 20 66
47 51
35 24 36 50 19 25 21
12 16 58
16
10 33 62
36 68 13 46 69
8 52 13 10 16 28 20
52 13 10
48 16 64 40 17
13 14 10 62 69
15
24 47 18
59 33
59
14
58 40 77
34 66
60
41 52 29 17
13
25 20 69
45 1 52 13 3 14 62
13 2 60 66
38
39 80
13 3 14 2 10 20 85
41
4 58
36 14
14 30
10
13 4 43 66
4
65 27 17
48 81 10 28 17 25
55
13 59 32 20 78
13 14
31 20
8 13 10
13 51
13
13 69
48 24 33 20 58
21
3 81 59
62
41 25 70 29
29 27
17
29
12 21 67
33 27
48 41 25 21 34 56 42
25 13
48
19 64 14 20 58 25
12 52 58 17
52 13 79 66 33
57 36 81 20
31 29 58
20 17
39 13 31 20
52 41 25 13 21 14 14
52 41 25 21 34 37
20
27
14
15
36
72
48 13
61
61
61 13
24
14 29
27
27
32 10 66 17
31
20 58 40 77
18
13 15
72
14 79 32 58
81 29
37
4
65
12 48 24 13 34 30 14
20
9 59
81 10 34 31 27 78 51
25 28 17 27 87
12 48 13 59 20
29 13
8 73
31 14 10 38 17
31
86
25 13 31 20 61 13 42
31 65 28 20
8 13 47 10 61
12 48 36 52 25 13 9
20 52 25 13 30 29
29
12 24 52 13 21 3 30
45
27 33
31 20 40 29 17
25 79 68 14 37 60 59
36 13 3 9 10 14
25 13 68 33 20 18
14 30
52 13 10
17
73 31 20
13 3 9
58
13 25
58
20
31
12 25 68 20 51
24 25 13 14 10 31 60
27
1 24 65
21
1 24 25 13 31 34 47
1 24 16 51
25 20 58
31 20 62
31 52 41 25 30 46
62
21 46
34
19 52 53 25 13 21 32
12 39 13 32 13
48 41 30 4 87 28 51
24 52 13 10 31 51 49
12 45 13 81 22 37 58
56 55 33
48 52 41 31 20
1 24 52 25 13 14 2
58 29
27
1 24 3 84 28
25 33
1 52 25 13 34 37 30
13 32 13 66
20 61 46 66 87
25
36
27
24 25 13 21 9 14 34
52 41 25 27
25 13 14 10 18
52 25 14 10 22
31
13
52 13 81
24 36 25 30 65 16 59
31 21 3 32 27 66 17
43 20 46
25 3 66 49 54 87
25 21 14 73 16 31 18
41
52
13 30 17
41 25
69
13
8 35 50 25 31 29 17
24 4 10 58 18
27
36 50 13 14 70 16 67
12
25
8 41 1 24 52 25 13
12 36 41 56 16 20 61
1 13 37 43 28 32 87
31 48 30 20
22 32 14 29 62
31
57 24 36 25 13 14 59
12 10 28 20
31 21 73 32 28 17 13
31 25 13 47 34 28 32
8 41 13 59
41 25 28 20
13 4 59
8 25
25 72
41 81
8 52 41 53 25 73 79
12 8 24 34 71 37 31
68 60 42
12 11
14
19 13 4 5 10 20 17
41 14 65
41 52 53 7 34 32 87
52 13 67 14 61 27 23
20
13 37 82
1 31 3 68 33 37 85
8 1 13 73 56 30 75
86
20
21 14 20
13 68 83 28 68 14 17
12 48 24 52 25 13 21
47
25 68 75
17
24 25 9 11 32 61 58
41 14 59 20 59
34 47 31 20
24 36 25 9 14 34 73
73 27
52 67 69
12 8 31 3 70 33 59
36 25 13 9 14 32 43
36 37
34
27
34
33 58
20 69
78
58
3 14 16 59 20 60 46
14 59 72
27
12 20 17
8 25 32 47 20
73 32 70 10
29 59
31
31 20
45 31 19 14 34 32 83
31 58
48 36
24 36 20 29
1 36 52 25 31 73 30
10 20 27
45 69
16 31 69
31
12 73 34 31 27
48 1 36 52 25 3 9
14 79 10 6 20 29 59
20
27
59
1 53 25 21
1
8 47 59 31 18
41 47
39 67
83 33 20
61 55
57 36 25 47 28 58 18
31 25 58 27 86 47 18
13 3 20 58
35 52 25 3 16 43 28
40
27
63 54
1 24 14 73 47 68 81
24 3 14 47 34 61
41 1 52 31 20 61 72
80
8 10 29 61
13
45 25 33 18
13 10 59 66
41 52 13 31 14 20 18
35 45 19 25 13 31 14
8 45 25 30 10
8 16 81 17 85
35 25 14 47 67 18
48 25 10 81 47
27 69
41 39 24 36 25 13 9
14 84 81 76 17
24 13 28 32
25 13 62
30 47 59
28
45
45 18
36 27 29
35 1 24 36 53 25 13
41 13 28 13
25 31 58 62
35 24 15 79 62 47 59
14 30 51 18 72
25 14 87
13 47 54
52 73 10 16 59 31
58
39 36 52 25 13 21 47
8 7 13 16 31 18
49
48 52 2 59 69 51 17
12 31 48 1 52 13 14
51
52 73 20
31 41 52 13 32 81 18
12 10
27
27
8 35 50 25 73 4 81
12 8 48 2 59 28 18
31
25 13 14 65 22 28 31
10
12 48 1 25 47 59 67
8 13 73 10 32 27 17
13 59
41 1 36 52 25 59 22
27
12 28 58
48 34 65 10 31 47 85
24 19 25 31 21 73 79
25
17 20
45 25 13 34 10 28 20
1 37 10 59
1 24 52 25 13 34 11
25 13 49 76
41 52
49
17
24 25 34 15 79 32 22
39 25 31 73 20 13 18
8 25 3 59 62 85
13 21 67 31 20
25
65
12 25 34 31 72 17 31 77
36 19 25 13 14 47 10
52 13 14 34 10 31
8 45 10 27 44 62 17
37 81 20 58 55 87
12 8 7 84
45 4 81 58 60
19 9 14 81 20 51
55
59
8
9 10 60
27
12 41 53 25 14 34 61
31 58
48 52 17
58
20
14 15 61 38 74
81
48 13 2
24 19 25 13 14 34 30
8 13 14 37 32 61 51
35 25 13 31 14 22 34
8 39 19 73 14 20 13
13 59
14 27 62
34
48 25 14 33 58 51 17
73 31 59
29
59
8
4
59 69
13 31 21 14 34 10 33
13 14 20 27
36 52 31 73 10 17 20
4 20
12 25 13 70 32 20 58
10 43 81 58 77 62 47
8 35 25 13 21 32 68
81 72 17 20 59
72 17
25 69
53 31 51
45 3 73 43 69 51 87
36 52 25 3 47 28 14
1 37 47 59 34 31 37
12 34 84 10 31 20 58
27
20
35 81 33 59 14 31 20
12 1 31 17
20 59 18
13 73 47 18
13
29 27 17
52 25 13 69 49
25 28
31
58 47 69
13 59 22 64 87
36 19
86
45 12 1 24 53 25 4
31 20 49
59
8 13 14 2 10 17 20
48 36 25 31 43 28 20
7
25 81
29
13
40
13 59 87
27
80
24 50 41 25 14 47 34
47 29
45 52 13 14 34 47 85
45 34 17 55 49
10 58
17
27
9
31
51
8 36 52 25 59 13 49
24 36 25 13 65 59 77
83
12 52 7 20 78
54
58
1 24 36 14 59 28 14
40 69
16 31 20 27
65
18
68 10 38 85
31 24 36 25 13 34 30
24 25 10 33 58 72
13 37 31 61 66
1 69
58
8 25 67 20
36 10 31 20 59
25 29 61 60 17
8 25 70 10 20 13 60
24 13 65
59 32 17 23
17 51
35 45 13 3 9 34 2
40
8 48 24 25 14 58 77
12 8 35 79 68
31 27
27
25
31
19 52 7 34 73 72 17
3 61 69
36 6
48 7 13 33 40 83
31 29 40 55 33
24 25 34 33
36 33 17 20 61 58 86
24 73 59 47 51 17
58 40
87
70 20
48 24 53 13 65 83 66
27 29
48 31 82 29 87
15 30 17 20 61 54
8 41 24 41 30 47 33
24 14 34
73
20 13 69 66
29 69
29
20 61
28 29
25 17 31 13
8 48 25 10 37 69 17
59 47 87
68 67 85
10 72
31 34 65 81 20 66 17
19 20 60 59
13 14
36 19 13 14 79 30 44
20
20 61 62
14 65 20 60 66
41
40
41
41 58 46
10 37 17 31 77
12 24 47 10 20 61
8 39 10 20
13 31
48 13 3 30 31 74
13
31 61
17
1 59
45 52 13
8 24 19 13 31 10 81
19 10 59 20 17