1 (4488)
24 (5040)
36 (8200)
38 (6824)
41 (5880)
56 (4864)
67 (5316)
71 (5076)
79 (4744)
88 (4640)
90 (8416)
94 (8216)
97 (7768)
1 36 (4296)
1 90 (4488)
1 94 (4296)
24 36 (4824)
24 90 (5040)
24 94 (4840)
24 97 (4688)
36 38 (6608)
36 41 (5664)
36 56 (4864)
36 67 (5124)
36 71 (4884)
36 79 (4744)
36 88 (4640)
36 90 (8200)
36 94 (8192)
36 97 (7576)
38 41 (4568)
38 67 (4424)
38 90 (6824)
38 94 (6632)
38 97 (6464)
41 90 (5880)
41 94 (5688)
41 97 (5232)
56 90 (4864)
56 94 (4864)
56 97 (4864)
67 71 (4226)
67 90 (5316)
67 94 (5124)
67 97 (4876)
71 90 (5076)
71 94 (4884)
71 97 (4636)
79 90 (4744)
79 94 (4744)
79 97 (4256)
88 90 (4640)
88 94 (4640)
90 94 (8216)
90 97 (7768)
94 97 (7568)
1 36 90 (4296)
1 36 94 (4296)
1 90 94 (4296)
24 36 90 (4824)
24 36 94 (4816)
24 36 97 (4496)
24 90 94 (4840)
24 90 97 (4688)
24 94 97 (4488)
36 38 41 (4352)
36 38 67 (4232)
36 38 90 (6608)
36 38 94 (6608)
36 38 97 (6272)
36 41 90 (5664)
36 41 94 (5664)
36 41 97 (5040)
36 56 90 (4864)
36 56 94 (4864)
36 56 97 (4864)
36 67 90 (5124)
36 67 94 (5124)
36 67 97 (4684)
36 71 90 (4884)
36 71 94 (4884)
36 71 97 (4444)
36 79 90 (4744)
36 79 94 (4744)
36 79 97 (4256)
36 88 90 (4640)
36 88 94 (4640)
36 90 94 (8192)
36 90 97 (7576)
36 94 97 (7568)
38 41 90 (4568)
38 41 94 (4376)
38 41 97 (4208)
38 67 90 (4424)
38 67 94 (4232)
38 90 94 (6632)
38 90 97 (6464)
38 94 97 (6272)
41 90 94 (5688)
41 90 97 (5232)
41 94 97 (5040)
56 90 94 (4864)
56 90 97 (4864)
56 94 97 (4864)
67 71 90 (4226)
67 90 94 (5124)
67 90 97 (4876)
67 94 97 (4684)
71 90 94 (4884)
71 90 97 (4636)
71 94 97 (4444)
79 90 94 (4744)
79 90 97 (4256)
79 94 97 (4256)
88 90 94 (4640)
90 94 97 (7568)
1 36 90 94 (4296)
24 36 90 94 (4816)
24 36 90 97 (4496)
24 36 94 97 (4488)
24 90 94 97 (4488)
36 38 41 90 (4352)
36 38 41 94 (4352)
36 38 67 90 (4232)
36 38 67 94 (4232)
36 38 90 94 (6608)
36 38 90 97 (6272)
36 38 94 97 (6272)
36 41 90 94 (5664)
36 41 90 97 (5040)
36 41 94 97 (5040)
36 56 90 94 (4864)
36 56 90 97 (4864)
36 56 94 97 (4864)
36 67 90 94 (5124)
36 67 90 97 (4684)
36 67 94 97 (4684)
36 71 90 94 (4884)
36 71 90 97 (4444)
36 71 94 97 (4444)
36 79 90 94 (4744)
36 79 90 97 (4256)
36 79 94 97 (4256)
36 88 90 94 (4640)
36 90 94 97 (7568)
38 41 90 94 (4376)
38 41 90 97 (4208)
38 67 90 94 (4232)
38 90 94 97 (6272)
41 90 94 97 (5040)
56 90 94 97 (4864)
67 90 94 97 (4684)
71 90 94 97 (4444)
79 90 94 97 (4256)
24 36 90 94 97 (4488)
36 38 41 90 94 (4352)
36 38 67 90 94 (4232)
36 38 90 94 97 (6272)
36 41 90 94 97 (5040)
36 56 90 94 97 (4864)
36 67 90 94 97 (4684)
36 71 90 94 97 (4444)
36 79 90 94 97 (4256)
