1012 (45)
1017 (85)
1046 (51)
1079 (89)
1084 (93)
1097 (223)
1126 (109)
114 (72)
1142 (121)
1156 (32)
1165 (82)
1182 (39)
1191 (45)
1215 (62)
1235 (54)
1264 (47)
1324 (44)
1336 (49)
1394 (106)
1407 (36)
1456 (73)
1534 (248)
1582 (105)
1594 (59)
1605 (66)
1617 (40)
1680 (168)
1721 (62)
181 (68)
1816 (275)
1834 (195)
1862 (57)
189 (33)
1943 (263)
1989 (61)
1995 (34)
2027 (95)
2060 (44)
209 (52)
2096 (56)
21 (60)
2129 (35)
2183 (91)
219 (61)
2202 (62)
2231 (51)
2236 (32)
225 (168)
2284 (45)
2291 (33)
2316 (46)
2339 (145)
2356 (94)
2363 (122)
2375 (148)
2380 (39)
2395 (76)
2398 (49)
2399 (68)
298 (45)
308 (58)
324 (93)
349 (129)
358 (170)
363 (44)
426 (110)
445 (38)
449 (39)
461 (57)
479 (60)
489 (46)
539 (32)
547 (227)
574 (38)
593 (35)
644 (53)
708 (64)
720 (130)
746 (40)
75 (34)
754 (43)
762 (40)
860 (45)
881 (61)
90 (88)
983 (36)
99 (33)
1079 2356 (85)
1084 1097 (42)
1084 1126 (34)
1084 2183 (39)
1097 1126 (44)
1097 2183 (35)
1126 2183 (68)
114 1534 (48)
114 1943 (32)
1142 2363 (120)
1394 1989 (55)
1534 1582 (88)
1534 1943 (112)
1534 2236 (32)
1582 2236 (32)
1594 2339 (34)
1816 1834 (107)
21 1534 (37)
21 1582 (35)
21 2236 (32)
225 1215 (49)
225 1834 (32)
349 1142 (120)
349 2363 (120)
426 479 (53)
547 2284 (41)
720 1079 (50)
720 2356 (50)
754 1012 (42)
90 1943 (44)
1084 1126 2183 (34)
1097 1126 2183 (35)
1534 1582 2236 (32)
21 1534 1582 (35)
21 1534 2236 (32)
21 1582 2236 (32)
349 1142 2363 (120)
720 1079 2356 (50)
21 1534 1582 2236 (32)
