1 (1)
10 (2)
11 (2)
12 (2)
13 (2)
14 (1)
15 (2)
16 (1)
17 (1)
2 (1)
3 (6)
4 (5)
5 (7)
6 (1)
7 (3)
8 (3)
9 (1)
1 2 (1)
1 3 (1)
1 4 (1)
1 5 (1)
10 11 (1)
10 12 (1)
10 13 (1)
11 15 (1)
11 16 (1)
11 17 (1)
12 13 (2)
12 14 (1)
13 14 (1)
15 16 (1)
15 17 (1)
16 17 (1)
2 3 (1)
2 4 (1)
2 5 (1)
3 10 (2)
3 11 (1)
3 12 (2)
3 13 (2)
3 14 (1)
3 15 (1)
3 4 (4)
3 5 (5)
3 6 (1)
3 7 (3)
3 8 (3)
3 9 (1)
4 10 (1)
4 11 (1)
4 12 (2)
4 13 (2)
4 14 (1)
4 15 (2)
4 16 (1)
4 17 (1)
4 5 (4)
4 7 (1)
4 8 (1)
5 10 (2)
5 11 (2)
5 12 (2)
5 13 (2)
5 14 (1)
5 15 (1)
5 16 (1)
5 17 (1)
5 6 (1)
5 7 (2)
5 8 (2)
5 9 (1)
6 7 (1)
6 8 (1)
6 9 (1)
7 10 (1)
7 11 (1)
7 15 (1)
7 8 (3)
7 9 (1)
8 10 (1)
8 11 (1)
8 15 (1)
8 9 (1)
1 2 3 (1)
1 2 4 (1)
1 2 5 (1)
1 3 4 (1)
1 3 5 (1)
1 4 5 (1)
10 12 13 (1)
11 15 16 (1)
11 15 17 (1)
11 16 17 (1)
12 13 14 (1)
15 16 17 (1)
2 3 4 (1)
2 3 5 (1)
2 4 5 (1)
3 10 11 (1)
3 10 12 (1)
3 10 13 (1)
3 12 13 (2)
3 12 14 (1)
3 13 14 (1)
3 4 10 (1)
3 4 12 (2)
3 4 13 (2)
3 4 14 (1)
3 4 15 (1)
3 4 5 (3)
3 4 7 (1)
3 4 8 (1)
3 5 10 (2)
3 5 11 (1)
3 5 12 (2)
3 5 13 (2)
3 5 14 (1)
3 5 6 (1)
3 5 7 (2)
3 5 8 (2)
3 5 9 (1)
3 6 7 (1)
3 6 8 (1)
3 6 9 (1)
3 7 10 (1)
3 7 11 (1)
3 7 15 (1)
3 7 8 (3)
3 7 9 (1)
3 8 10 (1)
3 8 11 (1)
3 8 15 (1)
3 8 9 (1)
4 10 12 (1)
4 10 13 (1)
4 11 15 (1)
4 11 16 (1)
4 11 17 (1)
4 12 13 (2)
4 12 14 (1)
4 13 14 (1)
4 15 16 (1)
4 15 17 (1)
4 16 17 (1)
4 5 10 (1)
4 5 11 (1)
4 5 12 (2)
4 5 13 (2)
4 5 14 (1)
4 5 15 (1)
4 5 16 (1)
4 5 17 (1)
4 7 15 (1)
4 7 8 (1)
4 8 15 (1)
5 10 11 (1)
5 10 12 (1)
5 10 13 (1)
5 11 15 (1)
5 11 16 (1)
5 11 17 (1)
5 12 13 (2)
5 12 14 (1)
5 13 14 (1)
5 15 16 (1)
5 15 17 (1)
5 16 17 (1)
5 6 7 (1)
5 6 8 (1)
5 6 9 (1)
5 7 10 (1)
5 7 11 (1)
5 7 8 (2)
5 7 9 (1)
5 8 10 (1)
5 8 11 (1)
5 8 9 (1)
6 7 8 (1)
6 7 9 (1)
6 8 9 (1)
7 10 11 (1)
7 8 10 (1)
7 8 11 (1)
7 8 15 (1)
7 8 9 (1)
8 10 11 (1)
1 2 3 4 (1)
1 2 3 5 (1)
1 2 4 5 (1)
1 3 4 5 (1)
11 15 16 17 (1)
2 3 4 5 (1)
3 10 12 13 (1)
3 12 13 14 (1)
3 4 10 12 (1)
3 4 10 13 (1)
3 4 12 13 (2)
3 4 12 14 (1)
3 4 13 14 (1)
3 4 5 10 (1)
3 4 5 12 (2)
3 4 5 13 (2)
3 4 5 14 (1)
3 4 7 15 (1)
3 4 7 8 (1)
3 4 8 15 (1)
3 5 10 11 (1)
3 5 10 12 (1)
3 5 10 13 (1)
3 5 12 13 (2)
3 5 12 14 (1)
3 5 13 14 (1)
3 5 6 7 (1)
3 5 6 8 (1)
3 5 6 9 (1)
3 5 7 10 (1)
3 5 7 11 (1)
3 5 7 8 (2)
3 5 7 9 (1)
3 5 8 10 (1)
3 5 8 11 (1)
3 5 8 9 (1)
3 6 7 8 (1)
3 6 7 9 (1)
3 6 8 9 (1)
3 7 10 11 (1)
3 7 8 10 (1)
3 7 8 11 (1)
3 7 8 15 (1)
3 7 8 9 (1)
3 8 10 11 (1)
4 10 12 13 (1)
4 11 15 16 (1)
4 11 15 17 (1)
4 11 16 17 (1)
4 12 13 14 (1)
4 15 16 17 (1)
4 5 10 12 (1)
4 5 10 13 (1)
4 5 11 15 (1)
4 5 11 16 (1)
4 5 11 17 (1)
4 5 12 13 (2)
4 5 12 14 (1)
4 5 13 14 (1)
4 5 15 16 (1)
4 5 15 17 (1)
4 5 16 17 (1)
4 7 8 15 (1)
5 10 12 13 (1)
5 11 15 16 (1)
5 11 15 17 (1)
5 11 16 17 (1)
5 12 13 14 (1)
5 15 16 17 (1)
5 6 7 8 (1)
5 6 7 9 (1)
5 6 8 9 (1)
5 7 10 11 (1)
5 7 8 10 (1)
5 7 8 11 (1)
5 7 8 9 (1)
5 8 10 11 (1)
6 7 8 9 (1)
7 8 10 11 (1)
1 2 3 4 5 (1)
3 4 10 12 13 (1)
3 4 12 13 14 (1)
3 4 5 10 12 (1)
3 4 5 10 13 (1)
3 4 5 12 13 (2)
3 4 5 12 14 (1)
3 4 5 13 14 (1)
3 4 7 8 15 (1)
3 5 10 12 13 (1)
3 5 12 13 14 (1)
3 5 6 7 8 (1)
3 5 6 7 9 (1)
3 5 6 8 9 (1)
3 5 7 10 11 (1)
3 5 7 8 10 (1)
3 5 7 8 11 (1)
3 5 7 8 9 (1)
3 5 8 10 11 (1)
3 6 7 8 9 (1)
3 7 8 10 11 (1)
4 11 15 16 17 (1)
4 5 10 12 13 (1)
4 5 11 15 16 (1)
4 5 11 15 17 (1)
4 5 11 16 17 (1)
4 5 12 13 14 (1)
4 5 15 16 17 (1)
5 11 15 16 17 (1)
5 6 7 8 9 (1)
5 7 8 10 11 (1)
3 4 5 10 12 13 (1)
3 4 5 12 13 14 (1)
3 5 6 7 8 9 (1)
3 5 7 8 10 11 (1)
4 5 11 15 16 17 (1)
